436402
445483
400409
405605
451457
448993
404265
423423
455863
398199
455399
457108
432339
449337
404134
446597
432094
455560
423736
455664
445179
455173
412835
450904
430227
426249
400215
445066
446164
432560
455696
423653
406087
118488
423215
423240
444515
392065
455941
457067
438017
402947
405649
447227
446643
393288
288832
100024
117944
100086
144740
390172
431909
444665
424733
395653
445119
444350
393286
439152
450827
447028
449176
427697
456105
445027
456208
442919
350228
447025
124326
124326
435227
437857
415244
457414
121258
449059
449045
447041
444877
410543
410543
424983
457473
421813
446771
390875
402668
404138
434037
455324
457242
424824
421793
421793
444437
446722
427721
445729
432398
441801
426132
441829
430632
456250
449766
451267
446224
434043
457313
447159
432652
441678
409260
432808
446282
446787
122396
456908
399149
407191
446975
446975
456387
449536
444694
444550
457324
412735
398678
455650
455650
446860
430641
405767
457320
432658
447143
402931
410367
441567
395588
455744
456474
397965
432814
457319
455860
455978
411647
450945
436379
404450
413973
393124
393124
405699
456446
404258
456343
456751
447153
456337
451388
398416
395500
395500
412787
386542
457423
445990
428771
428771
428771
416286
416252
415040
455362
445358
445357
398811
422974
437831
424526
448937
437754
375230
404146
455515
455515
447584
428947
456516
456515
449085
449106
451408
451416
451416
457297
427650
456577
446333
446332
432446
456983
424258
424225
415106
413967
430312
426096
424215
445987
446617
424021
410566
437802
409263
411652
455052
450802
445898
445920
450793
445192
448735
395586
430795
423885
400204
446711
437731
445141
455730
421938
405578
445088
434075
434078
434078
430789
412829
444705
448846
453879
430788
394390
394386
456216
183513
455071
435294
444602
447475
449467
435301
430790
406010
451516
456421
451593
421853
444742
456415
141491
448737
449323
457116
446850
446660
456761
451515
416307
430875
455370
429052
441588
450858
449285
449285
449180
449180
430185
426312
423955
430474
419684
416284
416282
405549
397880
397880
397851
398003
371687
449458
423563
402552
423354
100009
455915
385288
418614
418614
445489
445489
440227
432407
415239
456329
457264
445223
452621
449375
430730
455510
435157
455964
416271
390017
416273
416272
393279
393279
412783
449096
447387
444037
436573
456248
452624
456509
455300
456686
456687
456689
457396
449650
449650
457814
457417
457160
456566
456479
456477
456228
456077
455984
455934
455795
456030
455624
455106
452771
452775
452769
452771
452686
452605
451485
451485
451119
451063
451063
451065
449339
449280
449281
449332
451401
454972
453788
455211
446675
445498
445498
455028
453786
451246
455392
454934
447510
446055
447087
449198
449030
447611
447552
448759
447198
447171
447003
446880
446880
447407
446262
446684
445803
445757
445694
445458
445461
445270
445206
445004
444778
444662
444554
444094
445669
446891
445244
444490
444493
449195
446855
444353
446012
444967
450848
445938
445662
444048
444168
444045
444050
432662
430784
441702
444486
441730
441713
441797
440420
441623
441623
441795
441795
441528
440216
440166
440169
437997
437882
437882
437939
437936
437936
437665
436353
432854
432783
432631
432544
432597
432006
432089
431913
432177
431962
430742
430581
436604
440154
437683
432908
442886
441842

431975
430621
445760
430622
430712
430190
430208
430084
427711
427581
427674
427482
428815
426360
428980
426276
426090
424679
424475
424455
424326
424326
424063
423818
423556
423058
423018
423009
423026
428882
430400
395596
455820
440428
440428
440428
424275
405838
418560
419673
402643
405743
421891
421910
421906
420750
421890
416373
415142
421941
423040
412747
410403
406042
405566
404471
404435
404303
404303
404300
404302
404180
404125
403088
410596
402997
402943
402900
421858
402823
402830
402858
402696
400317
400296
402596
417391
405526
404441
402812
445347
395566
399050
399081
398935
399049
399045
399051
399044
398501
398140
398051
396842
395628
395497
394418
394322
392088
392080
392079
390740
390733
390739
390739
390738
390828
390762
395713
398308
431960
431960
404281
375240
390188
390192
390182
390177
390189
390197
354714
385285
183483
390287
183485
390276
144676
144669
144668
144695
144698
144685
144701
144710
144666
107674
124325
100005
100005
390640
432532
432296
432296
405976
411646
445471
455365
432756
449464
449464
445215
445407
427619
451432
444632
398452
447362
423353
446620
440190
455704
124315
390588
390583
428889
428889
451506
424140
455827
430072
456236
435122
456424
457426
444823
444304
436413
452613
441804
445082
398843
451176
447122
432845
446961
392024
390085
455315
456497
405997
405996
430339
397963
456521
413984
434104
434104
393210
393159
430263
446228
446186
430259
453852
447230
449598
444579
394406
394360
398871
456494
446512
457011
445829
436592
446524
430060
430086
447383
455904
412715
455210
421846
456328
430646
424198
444725
456518
430427
430427
415143
419686
404221
451008
446800
450955
456727
405558
398167
397931
390929
398383
395737
398465
436574
442869
404291
390769
457063
415111
430518
449352
435273
455078
437898
423873
438011
456621
455842
456537
456537
456148
445594
445594
456644
446516
454981
454981
451158
